image: /home/gr-agv-x9xy/isaac_sim_ws/src/isaac_sim/map/hospital.png
resolution: 0.05
origin: [-48.675000762939455, -4.675000286102295, 0.0000]
negate: 0
occupied_thresh: 0.65
free_thresh: 0.196