image: /home/gr-agv-x9xy/isaac_sim_ws/src/isaac_sim/map/office.png
resolution: 0.05
origin: [-24.02500114440918, -33.82500228881836, 0.0000]
negate: 0
occupied_thresh: 0.65
free_thresh: 0.196